initial: 6
0.85862 0.00000 0.00084 0.14054 0.00000 0.00000

transition: 6
0.25359 0.39745 0.23220 0.06990 0.00376 0.04311
0.12104 0.60357 0.24736 0.02763 0.00004 0.00036
0.19196 0.23611 0.08091 0.44939 0.00051 0.04113
0.08781 0.05570 0.02542 0.53649 0.03153 0.26305
0.11445 0.00276 0.00005 0.00023 0.68702 0.19548
0.18268 0.42670 0.01685 0.00010 0.25736 0.11631

observation: 6
0.86336 0.29497 0.19853 0.06086 0.03399 0.08088
0.04662 0.20953 0.41281 0.04476 0.12233 0.02283
0.06787 0.08755 0.32343 0.88682 0.16598 0.19376
0.02215 0.40795 0.06523 0.00756 0.07700 0.61625
0.00000 0.00000 0.00000 0.00000 0.03708 0.08593
0.00000 0.00000 0.00000 0.00000 0.56361 0.00035
