initial: 6
0.50725 0.19359 0.14165 0.10455 0.03094 0.02201

transition: 6
0.29814 0.29900 0.09585 0.09894 0.10752 0.10054
0.09757 0.29564 0.28946 0.10084 0.11242 0.10407
0.09535 0.09649 0.28541 0.30087 0.11549 0.10638
0.09040 0.09145 0.09035 0.28659 0.33757 0.10364
0.08205 0.08189 0.08042 0.08422 0.34589 0.32554
0.26460 0.08798 0.08640 0.08984 0.12269 0.34850

observation: 6
0.15251 0.12515 0.06670 0.06007 0.04203 0.03779
0.10951 0.10138 0.10291 0.09370 0.03425 0.03239
0.43495 0.44398 0.45408 0.41525 0.32821 0.36698
0.14360 0.18617 0.20786 0.22537 0.16939 0.13237
0.01088 0.01388 0.03141 0.03900 0.03326 0.02354
0.14856 0.12944 0.13703 0.16661 0.39285 0.40693
