initial: 6
0.29302 0.13969 0.20407 0.18913 0.11151 0.06258

transition: 6
0.29992 0.30207 0.10052 0.09973 0.09926 0.09850
0.09936 0.30023 0.30187 0.09982 0.09973 0.09900
0.10246 0.10205 0.30110 0.30029 0.09724 0.09687
0.10338 0.10311 0.10087 0.30187 0.29346 0.09730
0.09864 0.09884 0.09884 0.09874 0.30396 0.30099
0.29613 0.09881 0.09916 0.09916 0.10245 0.30429

observation: 6
0.21259 0.22780 0.11133 0.10906 0.11463 0.10889
0.15417 0.15663 0.15757 0.14981 0.06926 0.06712
0.25690 0.24726 0.25922 0.27120 0.27028 0.26431
0.22471 0.20469 0.22235 0.23940 0.22840 0.22539
0.10330 0.11101 0.19950 0.17920 0.19074 0.21190
0.04833 0.05260 0.05003 0.05133 0.12669 0.12240
