initial: 6
0.62160 0.37494 0.00033 0.00313 0.00000 0.00000

transition: 6
0.24844 0.47059 0.08251 0.10683 0.05238 0.03925
0.04891 0.37798 0.34921 0.03931 0.06271 0.12188
0.15097 0.04132 0.17150 0.57909 0.04627 0.01085
0.05316 0.09793 0.06498 0.31184 0.41417 0.05792
0.00061 0.01524 0.02014 0.00059 0.50454 0.45889
0.63852 0.00557 0.03308 0.30046 0.01963 0.00275

observation: 6
0.01644 0.33632 0.04159 0.01981 0.31434 0.07727
0.10692 0.41702 0.13882 0.03847 0.00389 0.05717
0.41046 0.15739 0.22706 0.37582 0.30077 0.01696
0.46557 0.07734 0.22845 0.53109 0.01075 0.00235
0.00061 0.01177 0.36408 0.03476 0.00785 0.84599
0.00000 0.00016 0.00000 0.00005 0.36241 0.00026
