initial: 6
0.65280 0.06941 0.13475 0.14304 0.00000 0.00000

transition: 6
0.45044 0.43576 0.07684 0.00888 0.01258 0.01550
0.19101 0.53998 0.23678 0.02246 0.00375 0.00602
0.18018 0.12006 0.13857 0.52885 0.01251 0.01983
0.23314 0.11515 0.04781 0.49869 0.05589 0.04932
0.04807 0.01961 0.00268 0.00383 0.60732 0.31849
0.31849 0.05465 0.00480 0.00123 0.20883 0.41201

observation: 6
0.45033 0.44208 0.25190 0.04963 0.02649 0.04150
0.06847 0.18798 0.36249 0.03120 0.10832 0.06034
0.19817 0.08388 0.25468 0.16471 0.19887 0.19891
0.28072 0.28463 0.02915 0.02718 0.13469 0.29077
0.00231 0.00143 0.10178 0.72727 0.03144 0.04615
0.00000 0.00000 0.00000 0.00000 0.50019 0.36233
