initial: 6
0.50426 0.49574 0.00000 0.00000 0.00000 0.00000

transition: 6
0.22183 0.42011 0.04049 0.30303 0.00943 0.00510
0.03216 0.46828 0.22310 0.01063 0.01920 0.24663
0.08385 0.02567 0.14385 0.71509 0.02470 0.00684
0.00564 0.03752 0.02725 0.26918 0.50145 0.15896
0.00000 0.00056 0.00002 0.00000 0.50580 0.49362
0.82998 0.00099 0.00906 0.15760 0.00237 0.00000

observation: 6
0.00162 0.30307 0.04286 0.07006 0.30634 0.09329
0.07677 0.40884 0.03112 0.08303 0.00040 0.09526
0.42473 0.18921 0.39631 0.30517 0.30193 0.00001
0.49688 0.09848 0.37102 0.44101 0.00002 0.00000
0.00000 0.00040 0.15869 0.10074 0.00140 0.81144
0.00000 0.00000 0.00000 0.00000 0.38991 0.00000
