initial: 6
0.26796 0.02737 0.12550 0.21110 0.00299 0.36507

transition: 6
0.42987 0.47876 0.05786 0.00400 0.01373 0.01577
0.18417 0.52231 0.25796 0.02772 0.00181 0.00604
0.24234 0.08697 0.13057 0.49568 0.01445 0.03000
0.26191 0.07300 0.05626 0.49160 0.04376 0.07347
0.06661 0.03829 0.00310 0.00450 0.62644 0.26106
0.30302 0.06217 0.00374 0.00084 0.29638 0.33384

observation: 6
0.34987 0.53214 0.18476 0.05802 0.02349 0.08670
0.09005 0.16943 0.37160 0.02922 0.10053 0.05929
0.14097 0.10457 0.26844 0.16267 0.14223 0.32153
0.41769 0.19292 0.02880 0.02314 0.10324 0.32572
0.00142 0.00093 0.14641 0.72695 0.02914 0.05186
0.00000 0.00000 0.00000 0.00000 0.60137 0.15490
