initial: 6
0.10965 0.07347 0.12229 0.17158 0.00000 0.52301

transition: 6
0.23898 0.52681 0.20136 0.00119 0.01481 0.01685
0.15286 0.49950 0.29003 0.04044 0.00012 0.01705
0.49180 0.06042 0.01928 0.39722 0.00609 0.02519
0.20105 0.04715 0.07918 0.50338 0.00483 0.16440
0.06663 0.06974 0.00018 0.00029 0.55530 0.30787
0.35140 0.04927 0.00030 0.00000 0.38823 0.21079

observation: 6
0.36834 0.56730 0.15821 0.08271 0.01496 0.09225
0.03343 0.13773 0.48655 0.02466 0.09515 0.08142
0.06844 0.13361 0.27691 0.15433 0.11080 0.36522
0.52837 0.16076 0.00808 0.00094 0.04508 0.36018
0.00141 0.00061 0.07024 0.73736 0.01579 0.09995
0.00000 0.00000 0.00000 0.00000 0.71822 0.00097
