initial: 6
0.34700 0.15764 0.15365 0.14254 0.12792 0.07126

transition: 6
0.35112 0.32830 0.08422 0.08222 0.07492 0.07923
0.12595 0.35351 0.27124 0.08783 0.07825 0.08322
0.12001 0.11292 0.29212 0.28989 0.09122 0.09384
0.11800 0.11112 0.09800 0.29378 0.28294 0.09616
0.11139 0.10459 0.09265 0.09440 0.29850 0.29848
0.32672 0.10204 0.08902 0.09083 0.09780 0.29360

observation: 6
0.44613 0.44039 0.24283 0.21503 0.20488 0.22323
0.14312 0.16107 0.18315 0.16865 0.08589 0.08674
0.14214 0.13804 0.17194 0.17525 0.18633 0.17897
0.19629 0.19124 0.20653 0.20114 0.20265 0.23291
0.04726 0.05116 0.17041 0.20122 0.19344 0.15359
0.02505 0.01810 0.02513 0.03872 0.12681 0.12456
