initial: 6
0.45139 0.19209 0.10944 0.10080 0.09214 0.05414

transition: 6
0.35181 0.32955 0.08412 0.08219 0.07365 0.07868
0.12582 0.35403 0.27145 0.08799 0.07747 0.08324
0.12903 0.12139 0.28681 0.28229 0.08777 0.09270
0.12892 0.12131 0.09629 0.28593 0.27236 0.09520
0.11939 0.11218 0.09132 0.09258 0.28974 0.29479
0.33989 0.10637 0.08678 0.08824 0.09372 0.28500

observation: 6
0.41205 0.38590 0.23202 0.21455 0.20852 0.21669
0.16199 0.17443 0.20123 0.19069 0.09966 0.10367
0.21355 0.22765 0.30406 0.32172 0.33048 0.30489
0.18860 0.19450 0.23147 0.22415 0.22329 0.24533
0.00436 0.00366 0.00997 0.01375 0.01889 0.01804
0.01944 0.01387 0.02125 0.03514 0.11916 0.11139
