initial: 6
0.77372 0.00035 0.08432 0.14161 0.00000 0.00000

transition: 6
0.38914 0.37698 0.16805 0.00484 0.01474 0.04625
0.18258 0.59832 0.19683 0.01844 0.00076 0.00307
0.17328 0.18187 0.02275 0.57911 0.00343 0.03956
0.13917 0.11965 0.07496 0.46185 0.00475 0.19962
0.12066 0.01587 0.00013 0.00065 0.60617 0.25652
0.33977 0.08419 0.00035 0.00001 0.32754 0.24814

observation: 6
0.55801 0.39174 0.27056 0.04402 0.02873 0.03832
0.03700 0.19944 0.40713 0.01551 0.10481 0.07658
0.23450 0.06359 0.25780 0.14456 0.15369 0.24812
0.16717 0.34338 0.01118 0.00938 0.03406 0.51985
0.00332 0.00184 0.05334 0.78654 0.02375 0.07766
0.00000 0.00000 0.00000 0.00000 0.65496 0.03946
