initial: 6
1.00000 0.00000 0.00000 0.00000 0.00000 0.00000

transition: 6
0.51636 0.18414 0.13305 0.16641 0.00002 0.00002
0.03748 0.49240 0.32877 0.14128 0.00004 0.00003
0.00420 0.02400 0.31255 0.59065 0.03659 0.03201
0.00014 0.00367 0.11231 0.42869 0.34013 0.11506
0.05321 0.42910 0.00053 0.00000 0.16170 0.35546
0.08797 0.42295 0.00044 0.00000 0.07774 0.41090

observation: 6
0.40060 0.05227 0.02472 0.09338 0.00479 0.00000
0.32390 0.06998 0.02516 0.09351 0.00611 0.00001
0.27494 0.87770 0.58507 0.26523 0.00760 0.00276
0.00056 0.00005 0.36068 0.45089 0.00016 0.00000
0.00000 0.00000 0.00436 0.09699 0.00047 0.00000
0.00000 0.00000 0.00000 0.00000 0.98087 0.99723
