initial: 6
0.18189 0.08584 0.20687 0.22605 0.20375 0.09560

transition: 6
0.35283 0.32892 0.08316 0.08099 0.07471 0.07939
0.12748 0.35708 0.26901 0.08667 0.07712 0.08263
0.12185 0.11414 0.29060 0.28759 0.09140 0.09442
0.11954 0.11199 0.09717 0.29070 0.28382 0.09677
0.11152 0.10409 0.09091 0.09271 0.30035 0.30042
0.32867 0.10210 0.08769 0.08945 0.09789 0.29421

observation: 6
0.42654 0.43935 0.23246 0.20315 0.18980 0.21727
0.14536 0.15922 0.18240 0.16676 0.08368 0.08417
0.13968 0.13585 0.17080 0.17472 0.18416 0.17728
0.21062 0.19363 0.21437 0.21045 0.21008 0.23310
0.04823 0.05092 0.17132 0.20028 0.18856 0.14840
0.02957 0.02103 0.02865 0.04464 0.14371 0.13978
