initial: 6
0.84986 0.00029 0.00305 0.14681 0.00000 0.00000

transition: 6
0.33478 0.45849 0.10981 0.07307 0.00347 0.02039
0.14467 0.54888 0.25685 0.04393 0.00079 0.00488
0.15960 0.15587 0.27934 0.36495 0.00295 0.03729
0.09350 0.07916 0.06579 0.53092 0.05028 0.18034
0.10550 0.01711 0.00288 0.00247 0.72264 0.14940
0.41022 0.16241 0.01621 0.00180 0.21180 0.19757

observation: 6
0.72118 0.30456 0.20118 0.07095 0.03681 0.07922
0.09038 0.26443 0.25867 0.03837 0.10963 0.03204
0.06561 0.07266 0.40440 0.85507 0.16376 0.13430
0.12264 0.35832 0.13576 0.03486 0.10445 0.62918
0.00019 0.00002 0.00001 0.00075 0.03887 0.10122
0.00000 0.00000 0.00000 0.00000 0.54650 0.02405
